{
 "cells": [
  {
   "cell_type": "code",
   "execution_count": 3,
   "id": "cf3f4ca9-23fc-412e-b3f2-2b00a0a17ea1",
   "metadata": {},
   "outputs": [],
   "source": [
    "import matplotlib.pyplot as plt\n",
    "import seaborn as sea\n",
    "import pandas as pd\n",
    "import numpy as np\n",
    "import seaborn as sns\n",
    "import sys\n",
    "import random\n",
    "import math\n",
    "\n",
    "from scipy.cluster import hierarchy\n",
    "from scipy.cluster.hierarchy import dendrogram, linkage\n",
    "\n",
    "import scipy.spatial.distance as dist\n",
    "from scipy import stats\n",
    "import statistics as stat\n",
    "from scipy.stats import wasserstein_distance\n",
    "from scipy.spatial.distance import jensenshannon\n",
    "\n",
    "plt.rcParams['svg.fonttype'] = 'none'"
   ]
  },
  {
   "cell_type": "markdown",
   "id": "806a247f-6c63-406f-b807-30b47992b871",
   "metadata": {},
   "source": [
    "## Import Cluster CCFs and leision locations"
   ]
  },
  {
   "cell_type": "code",
   "execution_count": 7,
   "id": "bb10504b-cdae-4cab-84d7-92ce9b70b389",
   "metadata": {},
   "outputs": [],
   "source": [
    "unique_locations = ['Liver','Lung','cfDNA','Chest', 'Lymph','Abdomen','Skin','Breast']"
   ]
  },
  {
   "cell_type": "code",
   "execution_count": 8,
   "id": "122b4c79-b797-4942-8c32-83201a262490",
   "metadata": {},
   "outputs": [],
   "source": [
    "\n",
    "pat_1002_cluster = pd.read_csv(\"/Users/lmartin/Documents/2020/new_pon_breast_phylo/1002_pre_post_updated/1002_with_pre_post.cluster_ccfs.txt\", sep='\\t',\n",
    "                      low_memory=False)\n",
    "pat_1598_cluster = pd.read_csv(\"/Users/lmartin/Documents/2020/new_pon_breast_phylo/1598_new_pon_results/1598.cluster_ccfs.txt\", sep='\\t')\n",
    "pat_1078_cluster = pd.read_csv(\"/Users/lmartin/Documents/2020/new_pon_breast_phylo/1078_new_pon_results/1078.cluster_ccfs.txt\", sep='\\t')\n",
    "pat_1326_cluster = pd.read_csv(\"/Users/lmartin/Documents/2020/new_pon_breast_phylo/1326_firecloud_phylo/1326_cfDNA_high_purity.cluster_ccfs.txt\", sep='\\t')\n",
    "pat_1644_cluster = pd.read_csv(\"/Users/lmartin/Documents/2020/new_pon_breast_phylo/1644_passed_muts_results/1644.cluster_ccfs.txt\", sep='\\t')\n",
    "pat_2819_cluster = pd.read_csv(\"/Users/lmartin/Documents/2020/new_pon_breast_phylo/2819_passed_muts_results/2819.cluster_ccfs.txt\", sep='\\t',\n",
    "                      low_memory=False)\n",
    "pat_2389_cluster = pd.read_csv(\"/Users/lmartin/Documents/2023/2389_multiple_6_bl_tree_0515/2389_multiple_6_bl_tree_v1/2389_multiple_6.cluster_ccfs.txt\", sep='\\t')\n",
    "pat_2974_cluster = pd.read_csv(\"/Users/lmartin/Documents/2020/new_pon_breast_phylo/2974_new_pon_results/2974.cluster_ccfs.txt\", sep='\\t')\n",
    "pat_1035_cluster = pd.read_csv(\"/Users/lmartin/Documents/2020/new_pon_breast_phylo/1035_with_indel/1035.cluster_ccfs.txt\", sep='\\t')\n",
    "\n",
    "pat_1534_cluster = pd.read_csv('~/Documents/2024/RA_1534_vm_new_bams/RA_1534_bl_TBX/1534_bl_TBX/1534.cluster_ccfs.txt',sep='\\t')\n",
    "\n",
    "pat_1547_cluster = pd.read_csv('~/Documents/2020/new_pon_breast_phylo/1547_0915/1547_newer_bl_tree/1547.cluster_ccfs.txt',sep='\\t',\n",
    "                          low_memory=False)\n",
    "pat_1558_cluster = pd.read_csv('~/Documents/2023/RA_1558_fix_pies/take_3/1558_fix_pies_v3/1558.cluster_ccfs.txt',sep='\\t')\n",
    "pat_2542_cluster = pd.read_csv('~/Documents/2023/RA_2542_PIK3CA/2542_high_purity_v6_morebl_moreiter_results/2542_high_purity_v6_morebl_moreiter.cluster_ccfs.txt',sep='\\t')\n",
    "pat_1045_cluster = pd.read_csv(\"/Users/lmartin/Documents/2020/new_pon_breast_phylo/1045_vm_phylo_results/1045.cluster_ccfs.txt\",sep='\\t')\n",
    "pat_1113_cluster = pd.read_csv(\"/Users/lmartin/Documents/2020/new_pon_breast_phylo/1113_vm_phylo_results/1113.cluster_ccfs.txt\",sep='\\t')\n",
    "\n",
    "\n",
    "pats_cluster_ccfs_list = [pat_1002_cluster, pat_1598_cluster, pat_1078_cluster, pat_1045_cluster, pat_1113_cluster,\n",
    "            pat_1326_cluster, pat_1644_cluster, pat_2819_cluster, pat_2389_cluster, pat_2974_cluster, pat_1035_cluster, pat_1534_cluster,\n",
    "                         pat_1547_cluster,pat_1558_cluster, pat_2542_cluster]\n",
    "\n",
    "cluster_ccfs_df=pd.concat(pats_cluster_ccfs_list)\n"
   ]
  },
  {
   "cell_type": "code",
   "execution_count": 9,
   "id": "1a5db269-919d-473a-a197-b8f62bdf811d",
   "metadata": {},
   "outputs": [],
   "source": [
    "new_sample_names_2389 = ['Chest_A',\n",
    " 'Chest_B',\n",
    " 'Chest_C',\n",
    " 'Abdomen_D',\n",
    " 'Lung_E',\n",
    " 'Lung_F',\n",
    " 'Lung_G',\n",
    " 'Lung_H',\n",
    " 'Lung_I',\n",
    " 'Lung_J',\n",
    " 'Lung_K',\n",
    " 'Lymph_node_L',\n",
    " 'Chest_M',\n",
    " 'Lung_N',\n",
    " 'Lung_O',\n",
    " 'Lung_P',\n",
    " 'Chest_Q',\n",
    " 'Breast_R',\n",
    " 'Breast_S',\n",
    " 'Breast_T']\n",
    "\n",
    "new_sample_names_1002 = ['Skin_B1',\n",
    " 'Skin_B2',\n",
    " 'cfDNA_A1',\n",
    " 'cfDNA_A2',\n",
    " 'cfDNA_A3',\n",
    " 'Chest_I',\n",
    " 'Skin_B3',\n",
    " 'Chest_R',\n",
    " 'Lung_D',\n",
    " 'Lung_L',\n",
    " 'Lung_M',\n",
    " 'Lung_G',\n",
    " 'Lung_H',\n",
    " 'Abdomen_O',\n",
    " 'Lymph_node_F',\n",
    " 'Abdomen_N',\n",
    " 'Lung_J',\n",
    " 'Skin_K',\n",
    " 'Skin_Q',\n",
    " 'Lymph_node_E',\n",
    " 'Skin_C',\n",
    " 'Abdomen_P']\n",
    "\n",
    "\n",
    "new_sample_names_1598 = ['cfDNA_3775',\n",
    " 'cfDNA_3803',\n",
    " 'cfDNA_3830',\n",
    " 'cfDNA_3858',\n",
    " 'cfDNA_3886',\n",
    " 'cfDNA_3913',\n",
    " 'cfDNA_3942',\n",
    " 'cfDNA_3970',\n",
    " 'cfDNA_3998',\n",
    " 'cfDNA_4026',\n",
    " 'cfDNA_4054',\n",
    " 'Lung_A',\n",
    " 'Lymph_node_B',\n",
    " 'Lymph_node_C',\n",
    " 'Liver_D',\n",
    " 'Liver_E',\n",
    " 'Liver_F',\n",
    " 'Liver_G',\n",
    " 'Liver_H',\n",
    " 'Liver_I',\n",
    " 'Liver_J',\n",
    " 'Liver_K',\n",
    " 'Lymph_node_L',\n",
    " 'Liver_M']\n",
    "\n",
    "new_sample_names_1078 = ['cfDNA_0077',\n",
    " 'cfDNA_0131',\n",
    " 'cfDNA_0238',\n",
    " 'cfDNA_0312',\n",
    " 'Liver_A',\n",
    " 'Liver_B',\n",
    " 'Liver_C',\n",
    " 'Liver_D',\n",
    " 'Lymph_node_E',\n",
    " 'Liver_F',\n",
    " 'Liver_G',\n",
    " 'Liver_H',\n",
    " 'Liver_I',\n",
    " 'Liver_J']\n",
    "\n",
    "new_sample_names_1045 = ['cfDNA_2694',\n",
    " 'cfDNA_2750',\n",
    " 'cfDNA_2806',\n",
    " 'cfDNA_2918',\n",
    " 'cfDNA_2971',\n",
    " 'cfDNA_2999',\n",
    " 'cfDNA_3017',\n",
    " 'Liver_A',\n",
    " 'Liver_B',\n",
    " 'Liver_C',\n",
    " 'Liver_D',\n",
    " 'Liver_E',\n",
    " 'Liver_F',\n",
    " 'Liver_G',\n",
    " 'Liver_H',\n",
    " 'Liver_I',\n",
    " 'Liver_J',\n",
    " 'Liver_K',\n",
    " 'Liver_L',\n",
    " 'Liver_M',\n",
    " 'Lymph_node_N',\n",
    " 'Lymph_node_O']\n",
    "\n",
    "new_sample_names_1113 = ['Liver_A', 'Lung_B', 'Liver_C', 'Liver_D', 'Liver_E']\n",
    "\n",
    "new_sample_names_1326 = ['cfDNA_BWES00001',\n",
    " 'cfDNA_BWES00167',\n",
    " 'Breast_3',\n",
    " 'Chest_4',\n",
    " 'Liver_5',\n",
    " 'Liver_6',\n",
    " 'Liver_7',\n",
    " 'Liver_8',\n",
    " 'Liver_9',\n",
    " 'Liver_10']\n",
    "\n",
    "new_sample_names_1644 = ['Lung_A', 'Lung_B', 'Lung_C', 'Lung_D', 'Lung_E']\n",
    "\n",
    "new_sample_names_2819 = ['cfDNA_7916',\n",
    " 'cfDNA_7937',\n",
    " 'cfDNA_8239',\n",
    " 'Lymph_node_A',\n",
    " 'Lymph_node_B',\n",
    " 'Liver_C',\n",
    " 'Liver_D',\n",
    " 'Liver_E',\n",
    " 'Liver_F',\n",
    " 'Abdomen_F',\n",
    " 'Lymph_node_H',\n",
    " 'Liver_I',\n",
    " 'Liver_J',\n",
    " 'Lymph_node_K',\n",
    " 'Liver_L']\n",
    "\n",
    "new_sample_names_2974 = ['cfDNA_1976',\n",
    " 'Liver_A',\n",
    " 'Abdomen_B',\n",
    " 'Liver_C',\n",
    " 'Liver_D',\n",
    " 'Liver_E',\n",
    " 'Liver_F',\n",
    " 'Abdomen_G',\n",
    " 'Abdomen_H',\n",
    " 'Abdomen_I',\n",
    " 'Abdomen_J',\n",
    " 'Abdomen_K']\n",
    "\n",
    "new_sample_names_1035 = ['Lung_A',\n",
    " 'Liver_B',\n",
    " 'Liver_C',\n",
    " 'Liver_G',\n",
    " 'Lung_D',\n",
    " 'Chest_E',\n",
    " 'Throat_I',\n",
    " 'Abdomen_F',\n",
    " 'Abdomen_H']\n",
    "\n",
    "new_sample_names_1534 = ['Abdomen_A',\n",
    " 'Abdomen_B',\n",
    " 'Abdomen_C',\n",
    " 'Abdomen_D',\n",
    " 'Chest_E',\n",
    " 'Liver_F']\n",
    "\n",
    "new_sample_names_1547 = ['cfDNA_1995',\n",
    " 'cfDNA_2044',\n",
    " 'cfDNA_2070',\n",
    " 'cfDNA_2114',\n",
    " 'cfDNA_2177',\n",
    " 'Liver_A',\n",
    " 'Liver_B',\n",
    " 'Liver_C',\n",
    " 'Liver_D',\n",
    " 'Liver_E',\n",
    " 'Liver_F',\n",
    " 'Liver_G',\n",
    " 'Liver_H',\n",
    " 'Liver_I']\n",
    "\n",
    "new_sample_names_1558 = ['cfDNA_RA_1558_cfDNA_3',\n",
    " 'cfDNA_RA_1558_cfDNA_4',\n",
    " 'cfDNA_RA_1558_cfDNA_5',\n",
    " 'cfDNA_RA_1558_cfDNA_6',\n",
    " 'cfDNA_RA_1558_cfDNA_7',\n",
    " 'Lung_1558_2',\n",
    " 'Lung_1558_3',\n",
    " 'Lymph_node_1558_5',\n",
    " 'Liver_1558_6',\n",
    " 'Liver_1558_7',\n",
    " 'Liver_1558_8',\n",
    " 'Liver_1558_9',\n",
    " 'Liver_1558_10',\n",
    " 'Liver_1558_11',\n",
    " 'Liver_1558_12',\n",
    " 'Abdomen_1558_16',\n",
    " 'Lymph_node_1558_17',\n",
    " 'Lymph_node_1558_18',\n",
    " 'Chest_1558_20']\n",
    "\n",
    "new_sample_names_2542 = ['Chest_2542_1',\n",
    " 'Chest_2542_2',\n",
    " 'Chest_2542_3',\n",
    " 'Abdomen_2542_12',\n",
    " 'Abdomen_2542_13']\n",
    "\n",
    "\n",
    "new_sample_names_in_order = [new_sample_names_1002,\n",
    " new_sample_names_1598,\n",
    " new_sample_names_1078,\n",
    " new_sample_names_1045,\n",
    " new_sample_names_1113,\n",
    " new_sample_names_1326,\n",
    " new_sample_names_1644,\n",
    " new_sample_names_2819,\n",
    " new_sample_names_2389,\n",
    " new_sample_names_2974,\n",
    " new_sample_names_1035,\n",
    " new_sample_names_1534,\n",
    " new_sample_names_1547,\n",
    " new_sample_names_1558,\n",
    " new_sample_names_2542]"
   ]
  },
  {
   "cell_type": "code",
   "execution_count": 12,
   "id": "b111b615-be28-494d-988e-af2971d45d43",
   "metadata": {},
   "outputs": [],
   "source": [
    "pat_num_samples_on_tree = []\n",
    "for cluster_ccfs in pats_cluster_ccfs_list:\n",
    "    pat_num_samples_on_tree.append(list(cluster_ccfs['Sample_ID'].unique()))\n",
    "\n",
    "pat_1002_num_clusters_on_tree = [5,6,8,18,15,17,14,20,16,19,10,12,13,11,19,21]\n",
    "pat_1598_num_clusters_on_tree =[6,2,5,3,4,7,8,9]\n",
    "pat_1078_num_clusters_on_tree =[2, 3, 4, 5, 6]\n",
    "pat_1045_num_clusters_on_tree =[3,10,9,14,4,13,15,11]\n",
    "pat_1113_num_clusters_on_tree =[10,2,8,3,5,12]\n",
    "pat_1326_num_clusters_on_tree =[2,9,12,13,6,10]\n",
    "pat_1644_num_clusters_on_tree = [3,6,7,8]\n",
    "\n",
    "pat_2819_num_clusters_on_tree =[5,6,7,10,11,8,9]\n",
    "pat_2389_num_clusters_on_tree=[3,5,16,10,14,12,4,9,15,7,17,6,11,13,18]\n",
    "pat_2974_num_clusters_on_tree=[4,6,3,2,5]\n",
    "pat_1035_num_clusters_on_tree=[7,4,10,6,5,9,8]\n",
    "pat_1534_num_clusters_on_tree=[2, 3, 4]\n",
    "pat_1547_num_clusters_on_tree=[8,15,2,12,6,9,13]\n",
    "pat_1558_num_clusters_on_tree=[4,8,3,7,2,5,6,10,11,9]\n",
    "pat_2542_num_clusters_on_tree=[2, 3, 4, 5, 6, 7, 8, 9, 10, 11, 12, 13, 14, 15, 16, 17]\n",
    "\n",
    "clusters_on_tree_list = [pat_1002_num_clusters_on_tree, pat_1598_num_clusters_on_tree, \n",
    "                         pat_1078_num_clusters_on_tree, pat_1045_num_clusters_on_tree, \n",
    "                          pat_1113_num_clusters_on_tree,\n",
    "                pat_1326_num_clusters_on_tree, pat_1644_num_clusters_on_tree, \n",
    "                         pat_2819_num_clusters_on_tree, \n",
    "                          pat_2389_num_clusters_on_tree, pat_2974_num_clusters_on_tree, \n",
    "                         pat_1035_num_clusters_on_tree, pat_1534_num_clusters_on_tree,\n",
    "                         pat_1547_num_clusters_on_tree,pat_1558_num_clusters_on_tree, \n",
    "                         pat_2542_num_clusters_on_tree]"
   ]
  },
  {
   "cell_type": "markdown",
   "id": "34a4864b-a880-46f6-9db1-2d11a62d9312",
   "metadata": {},
   "source": [
    "## Calculate Earth Mover's Distances between samples in patients"
   ]
  },
  {
   "cell_type": "code",
   "execution_count": 33,
   "id": "e2600abe-7363-45e6-9a76-833f4df21fcb",
   "metadata": {},
   "outputs": [],
   "source": [
    "def earth_movers_by_ccf_sum(ccfs_df, samples, clones_on_tree,patient_id, new_sample_names):\n",
    "\n",
    "    # store distance dictionaries per clone\n",
    "    clones_df_list = []\n",
    "    \n",
    "    # Compute pairwise Wasserstein distances for each clone\n",
    "    for clone in clones_on_tree:\n",
    "\n",
    "        all_samples_per_clone = ccfs_df[ccfs_df['Cluster_ID'] == clone]\n",
    "        # initiate distance df per given clone\n",
    "        clone_ccf_dist = pd.DataFrame(0.0, index=samples, columns=samples)\n",
    "        \n",
    "        # get sample pairs\n",
    "        for i in range(len(samples)):\n",
    "            for j in range(i + 1, len(samples)):\n",
    "                # clone CCF dist for sample1\n",
    "                sample1 = all_samples_per_clone[all_samples_per_clone['Sample_ID'] == samples[i]].iloc[:, 7:].values.flatten()\n",
    "                # clone CCF dist for sample 2\n",
    "                sample2 = all_samples_per_clone[all_samples_per_clone['Sample_ID'] == samples[j]].iloc[:, 7:].values.flatten()\n",
    "                # Compute Wasserstein distance if both clones are present in both samples\n",
    "                if sample1.size > 0 and sample2.size > 0:  # Ensure both samples have data\n",
    "                    distance = wasserstein_distance(sample1, sample2)\n",
    "                else:\n",
    "                    distance = np.nan  # Handle cases where one or both samples have no data\n",
    "\n",
    "                # Update the distance matrix\n",
    "                # at square sample1,sample2 = distance\n",
    "                clone_ccf_dist.iat[i, j] = distance\n",
    "                clone_ccf_dist.iat[j, i] = distance  # Symmetric matrix\n",
    "                \n",
    "        # I am calculating the distance between 2 samples per every clone\n",
    "        clones_df_list.append(clone_ccf_dist)\n",
    "\n",
    "    # then the ccf distance for each pair of samples is the SUM of the distance between all of the clones in both samples\n",
    "    # try sum instead of mean because the # of clones potentially brings in a confounder that biases towards the total number of clones present\n",
    "    \n",
    "    sum_ccf_dist = sum(clones_df_list)\n",
    "    print(len(clones_df_list))\n",
    "    sum_ccf_dist.rename(index=dict(zip(sum_ccf_dist.index, new_sample_names)), columns=dict(zip(sum_ccf_dist.columns, new_sample_names)), inplace=True)\n",
    "\n",
    "    ## plotting code \n",
    "    return sum_ccf_dist"
   ]
  },
  {
   "cell_type": "code",
   "execution_count": 34,
   "id": "3b5aed1b-9dee-4761-8cab-fbeaaa468ea5",
   "metadata": {},
   "outputs": [
    {
     "name": "stdout",
     "output_type": "stream",
     "text": [
      "15\n"
     ]
    }
   ],
   "source": [
    "ccf_dist_df_2389= earth_movers_by_ccf_sum(pats_cluster_ccfs_list[8], \n",
    "                                              pat_num_samples_on_tree[8], \n",
    "                        clusters_on_tree_list[8], '2389',new_sample_names_2389)"
   ]
  },
  {
   "cell_type": "code",
   "execution_count": 15,
   "id": "4ae6d202-e355-43b6-b5b0-452d3cddb4d3",
   "metadata": {},
   "outputs": [
    {
     "data": {
      "text/html": [
       "<div>\n",
       "<style scoped>\n",
       "    .dataframe tbody tr th:only-of-type {\n",
       "        vertical-align: middle;\n",
       "    }\n",
       "\n",
       "    .dataframe tbody tr th {\n",
       "        vertical-align: top;\n",
       "    }\n",
       "\n",
       "    .dataframe thead th {\n",
       "        text-align: right;\n",
       "    }\n",
       "</style>\n",
       "<table border=\"1\" class=\"dataframe\">\n",
       "  <thead>\n",
       "    <tr style=\"text-align: right;\">\n",
       "      <th></th>\n",
       "      <th>Chest_A</th>\n",
       "      <th>Chest_B</th>\n",
       "      <th>Chest_C</th>\n",
       "      <th>Abdomen_D</th>\n",
       "      <th>Lung_E</th>\n",
       "      <th>Lung_F</th>\n",
       "      <th>Lung_G</th>\n",
       "      <th>Lung_H</th>\n",
       "      <th>Lung_I</th>\n",
       "      <th>Lung_J</th>\n",
       "      <th>Lung_K</th>\n",
       "      <th>Lymph_node_L</th>\n",
       "      <th>Chest_M</th>\n",
       "      <th>Lung_N</th>\n",
       "      <th>Lung_O</th>\n",
       "      <th>Lung_P</th>\n",
       "      <th>Chest_Q</th>\n",
       "      <th>Breast_R</th>\n",
       "      <th>Breast_S</th>\n",
       "      <th>Breast_T</th>\n",
       "    </tr>\n",
       "  </thead>\n",
       "  <tbody>\n",
       "    <tr>\n",
       "      <th>Chest_A</th>\n",
       "      <td>0.000000</td>\n",
       "      <td>0.009731</td>\n",
       "      <td>0.022096</td>\n",
       "      <td>0.045385</td>\n",
       "      <td>0.070446</td>\n",
       "      <td>0.064990</td>\n",
       "      <td>0.058711</td>\n",
       "      <td>0.060145</td>\n",
       "      <td>0.053792</td>\n",
       "      <td>0.071481</td>\n",
       "      <td>0.058748</td>\n",
       "      <td>0.006742</td>\n",
       "      <td>0.014325</td>\n",
       "      <td>0.015940</td>\n",
       "      <td>0.004131</td>\n",
       "      <td>0.039014</td>\n",
       "      <td>0.006135</td>\n",
       "      <td>0.053640</td>\n",
       "      <td>0.054332</td>\n",
       "      <td>0.055869</td>\n",
       "    </tr>\n",
       "    <tr>\n",
       "      <th>Chest_B</th>\n",
       "      <td>0.009731</td>\n",
       "      <td>0.000000</td>\n",
       "      <td>0.022827</td>\n",
       "      <td>0.047599</td>\n",
       "      <td>0.075813</td>\n",
       "      <td>0.070555</td>\n",
       "      <td>0.061505</td>\n",
       "      <td>0.065513</td>\n",
       "      <td>0.059160</td>\n",
       "      <td>0.073526</td>\n",
       "      <td>0.064115</td>\n",
       "      <td>0.008446</td>\n",
       "      <td>0.005226</td>\n",
       "      <td>0.016906</td>\n",
       "      <td>0.009228</td>\n",
       "      <td>0.030642</td>\n",
       "      <td>0.012423</td>\n",
       "      <td>0.059007</td>\n",
       "      <td>0.059699</td>\n",
       "      <td>0.061236</td>\n",
       "    </tr>\n",
       "    <tr>\n",
       "      <th>Chest_C</th>\n",
       "      <td>0.022096</td>\n",
       "      <td>0.022827</td>\n",
       "      <td>0.000000</td>\n",
       "      <td>0.060511</td>\n",
       "      <td>0.086733</td>\n",
       "      <td>0.080606</td>\n",
       "      <td>0.072355</td>\n",
       "      <td>0.076487</td>\n",
       "      <td>0.070133</td>\n",
       "      <td>0.083593</td>\n",
       "      <td>0.075090</td>\n",
       "      <td>0.017707</td>\n",
       "      <td>0.020670</td>\n",
       "      <td>0.026261</td>\n",
       "      <td>0.019518</td>\n",
       "      <td>0.036575</td>\n",
       "      <td>0.024309</td>\n",
       "      <td>0.069982</td>\n",
       "      <td>0.070674</td>\n",
       "      <td>0.072188</td>\n",
       "    </tr>\n",
       "    <tr>\n",
       "      <th>Abdomen_D</th>\n",
       "      <td>0.045385</td>\n",
       "      <td>0.047599</td>\n",
       "      <td>0.060511</td>\n",
       "      <td>0.000000</td>\n",
       "      <td>0.054675</td>\n",
       "      <td>0.050617</td>\n",
       "      <td>0.040215</td>\n",
       "      <td>0.045470</td>\n",
       "      <td>0.040953</td>\n",
       "      <td>0.043188</td>\n",
       "      <td>0.042982</td>\n",
       "      <td>0.043992</td>\n",
       "      <td>0.051977</td>\n",
       "      <td>0.039661</td>\n",
       "      <td>0.043859</td>\n",
       "      <td>0.056361</td>\n",
       "      <td>0.049427</td>\n",
       "      <td>0.049501</td>\n",
       "      <td>0.050718</td>\n",
       "      <td>0.054377</td>\n",
       "    </tr>\n",
       "    <tr>\n",
       "      <th>Lung_E</th>\n",
       "      <td>0.070446</td>\n",
       "      <td>0.075813</td>\n",
       "      <td>0.086733</td>\n",
       "      <td>0.054675</td>\n",
       "      <td>0.000000</td>\n",
       "      <td>0.036633</td>\n",
       "      <td>0.040694</td>\n",
       "      <td>0.033459</td>\n",
       "      <td>0.033397</td>\n",
       "      <td>0.075864</td>\n",
       "      <td>0.028413</td>\n",
       "      <td>0.069611</td>\n",
       "      <td>0.079843</td>\n",
       "      <td>0.068674</td>\n",
       "      <td>0.068966</td>\n",
       "      <td>0.076755</td>\n",
       "      <td>0.074717</td>\n",
       "      <td>0.050695</td>\n",
       "      <td>0.051667</td>\n",
       "      <td>0.046645</td>\n",
       "    </tr>\n",
       "    <tr>\n",
       "      <th>Lung_F</th>\n",
       "      <td>0.064990</td>\n",
       "      <td>0.070555</td>\n",
       "      <td>0.080606</td>\n",
       "      <td>0.050617</td>\n",
       "      <td>0.036633</td>\n",
       "      <td>0.000000</td>\n",
       "      <td>0.030340</td>\n",
       "      <td>0.012718</td>\n",
       "      <td>0.033797</td>\n",
       "      <td>0.053030</td>\n",
       "      <td>0.043211</td>\n",
       "      <td>0.063409</td>\n",
       "      <td>0.074739</td>\n",
       "      <td>0.062937</td>\n",
       "      <td>0.062484</td>\n",
       "      <td>0.071813</td>\n",
       "      <td>0.069433</td>\n",
       "      <td>0.051166</td>\n",
       "      <td>0.052043</td>\n",
       "      <td>0.048177</td>\n",
       "    </tr>\n",
       "    <tr>\n",
       "      <th>Lung_G</th>\n",
       "      <td>0.058711</td>\n",
       "      <td>0.061505</td>\n",
       "      <td>0.072355</td>\n",
       "      <td>0.040215</td>\n",
       "      <td>0.040694</td>\n",
       "      <td>0.030340</td>\n",
       "      <td>0.000000</td>\n",
       "      <td>0.027789</td>\n",
       "      <td>0.041082</td>\n",
       "      <td>0.045946</td>\n",
       "      <td>0.050147</td>\n",
       "      <td>0.056265</td>\n",
       "      <td>0.066139</td>\n",
       "      <td>0.053150</td>\n",
       "      <td>0.056190</td>\n",
       "      <td>0.060954</td>\n",
       "      <td>0.063024</td>\n",
       "      <td>0.053124</td>\n",
       "      <td>0.054810</td>\n",
       "      <td>0.058014</td>\n",
       "    </tr>\n",
       "    <tr>\n",
       "      <th>Lung_H</th>\n",
       "      <td>0.060145</td>\n",
       "      <td>0.065513</td>\n",
       "      <td>0.076487</td>\n",
       "      <td>0.045470</td>\n",
       "      <td>0.033459</td>\n",
       "      <td>0.012718</td>\n",
       "      <td>0.027789</td>\n",
       "      <td>0.000000</td>\n",
       "      <td>0.024288</td>\n",
       "      <td>0.049496</td>\n",
       "      <td>0.034052</td>\n",
       "      <td>0.059365</td>\n",
       "      <td>0.069597</td>\n",
       "      <td>0.057748</td>\n",
       "      <td>0.058665</td>\n",
       "      <td>0.065339</td>\n",
       "      <td>0.064417</td>\n",
       "      <td>0.041410</td>\n",
       "      <td>0.042091</td>\n",
       "      <td>0.040597</td>\n",
       "    </tr>\n",
       "    <tr>\n",
       "      <th>Lung_I</th>\n",
       "      <td>0.053792</td>\n",
       "      <td>0.059160</td>\n",
       "      <td>0.070133</td>\n",
       "      <td>0.040953</td>\n",
       "      <td>0.033397</td>\n",
       "      <td>0.033797</td>\n",
       "      <td>0.041082</td>\n",
       "      <td>0.024288</td>\n",
       "      <td>0.000000</td>\n",
       "      <td>0.057452</td>\n",
       "      <td>0.019491</td>\n",
       "      <td>0.053011</td>\n",
       "      <td>0.063243</td>\n",
       "      <td>0.051124</td>\n",
       "      <td>0.052312</td>\n",
       "      <td>0.058596</td>\n",
       "      <td>0.058064</td>\n",
       "      <td>0.025833</td>\n",
       "      <td>0.026299</td>\n",
       "      <td>0.024931</td>\n",
       "    </tr>\n",
       "    <tr>\n",
       "      <th>Lung_J</th>\n",
       "      <td>0.071481</td>\n",
       "      <td>0.073526</td>\n",
       "      <td>0.083593</td>\n",
       "      <td>0.043188</td>\n",
       "      <td>0.075864</td>\n",
       "      <td>0.053030</td>\n",
       "      <td>0.045946</td>\n",
       "      <td>0.049496</td>\n",
       "      <td>0.057452</td>\n",
       "      <td>0.000000</td>\n",
       "      <td>0.063754</td>\n",
       "      <td>0.068763</td>\n",
       "      <td>0.076336</td>\n",
       "      <td>0.064524</td>\n",
       "      <td>0.069049</td>\n",
       "      <td>0.067192</td>\n",
       "      <td>0.075523</td>\n",
       "      <td>0.054200</td>\n",
       "      <td>0.053887</td>\n",
       "      <td>0.054252</td>\n",
       "    </tr>\n",
       "    <tr>\n",
       "      <th>Lung_K</th>\n",
       "      <td>0.058748</td>\n",
       "      <td>0.064115</td>\n",
       "      <td>0.075090</td>\n",
       "      <td>0.042982</td>\n",
       "      <td>0.028413</td>\n",
       "      <td>0.043211</td>\n",
       "      <td>0.050147</td>\n",
       "      <td>0.034052</td>\n",
       "      <td>0.019491</td>\n",
       "      <td>0.063754</td>\n",
       "      <td>0.000000</td>\n",
       "      <td>0.057968</td>\n",
       "      <td>0.068200</td>\n",
       "      <td>0.056070</td>\n",
       "      <td>0.057267</td>\n",
       "      <td>0.063163</td>\n",
       "      <td>0.063019</td>\n",
       "      <td>0.029922</td>\n",
       "      <td>0.030675</td>\n",
       "      <td>0.031270</td>\n",
       "    </tr>\n",
       "    <tr>\n",
       "      <th>Lymph_node_L</th>\n",
       "      <td>0.006742</td>\n",
       "      <td>0.008446</td>\n",
       "      <td>0.017707</td>\n",
       "      <td>0.043992</td>\n",
       "      <td>0.069611</td>\n",
       "      <td>0.063409</td>\n",
       "      <td>0.056265</td>\n",
       "      <td>0.059365</td>\n",
       "      <td>0.053011</td>\n",
       "      <td>0.068763</td>\n",
       "      <td>0.057968</td>\n",
       "      <td>0.000000</td>\n",
       "      <td>0.012786</td>\n",
       "      <td>0.010968</td>\n",
       "      <td>0.004089</td>\n",
       "      <td>0.035118</td>\n",
       "      <td>0.008939</td>\n",
       "      <td>0.052860</td>\n",
       "      <td>0.053551</td>\n",
       "      <td>0.055065</td>\n",
       "    </tr>\n",
       "    <tr>\n",
       "      <th>Chest_M</th>\n",
       "      <td>0.014325</td>\n",
       "      <td>0.005226</td>\n",
       "      <td>0.020670</td>\n",
       "      <td>0.051977</td>\n",
       "      <td>0.079843</td>\n",
       "      <td>0.074739</td>\n",
       "      <td>0.066139</td>\n",
       "      <td>0.069597</td>\n",
       "      <td>0.063243</td>\n",
       "      <td>0.076336</td>\n",
       "      <td>0.068200</td>\n",
       "      <td>0.012786</td>\n",
       "      <td>0.000000</td>\n",
       "      <td>0.019801</td>\n",
       "      <td>0.014197</td>\n",
       "      <td>0.027022</td>\n",
       "      <td>0.016979</td>\n",
       "      <td>0.063092</td>\n",
       "      <td>0.063784</td>\n",
       "      <td>0.065297</td>\n",
       "    </tr>\n",
       "    <tr>\n",
       "      <th>Lung_N</th>\n",
       "      <td>0.015940</td>\n",
       "      <td>0.016906</td>\n",
       "      <td>0.026261</td>\n",
       "      <td>0.039661</td>\n",
       "      <td>0.068674</td>\n",
       "      <td>0.062937</td>\n",
       "      <td>0.053150</td>\n",
       "      <td>0.057748</td>\n",
       "      <td>0.051124</td>\n",
       "      <td>0.064524</td>\n",
       "      <td>0.056070</td>\n",
       "      <td>0.010968</td>\n",
       "      <td>0.019801</td>\n",
       "      <td>0.000000</td>\n",
       "      <td>0.014779</td>\n",
       "      <td>0.030806</td>\n",
       "      <td>0.017751</td>\n",
       "      <td>0.050547</td>\n",
       "      <td>0.051024</td>\n",
       "      <td>0.053970</td>\n",
       "    </tr>\n",
       "    <tr>\n",
       "      <th>Lung_O</th>\n",
       "      <td>0.004131</td>\n",
       "      <td>0.009228</td>\n",
       "      <td>0.019518</td>\n",
       "      <td>0.043859</td>\n",
       "      <td>0.068966</td>\n",
       "      <td>0.062484</td>\n",
       "      <td>0.056190</td>\n",
       "      <td>0.058665</td>\n",
       "      <td>0.052312</td>\n",
       "      <td>0.069049</td>\n",
       "      <td>0.057267</td>\n",
       "      <td>0.004089</td>\n",
       "      <td>0.014197</td>\n",
       "      <td>0.014779</td>\n",
       "      <td>0.000000</td>\n",
       "      <td>0.037995</td>\n",
       "      <td>0.009506</td>\n",
       "      <td>0.052159</td>\n",
       "      <td>0.052851</td>\n",
       "      <td>0.054388</td>\n",
       "    </tr>\n",
       "    <tr>\n",
       "      <th>Lung_P</th>\n",
       "      <td>0.039014</td>\n",
       "      <td>0.030642</td>\n",
       "      <td>0.036575</td>\n",
       "      <td>0.056361</td>\n",
       "      <td>0.076755</td>\n",
       "      <td>0.071813</td>\n",
       "      <td>0.060954</td>\n",
       "      <td>0.065339</td>\n",
       "      <td>0.058596</td>\n",
       "      <td>0.067192</td>\n",
       "      <td>0.063163</td>\n",
       "      <td>0.035118</td>\n",
       "      <td>0.027022</td>\n",
       "      <td>0.030806</td>\n",
       "      <td>0.037995</td>\n",
       "      <td>0.000000</td>\n",
       "      <td>0.042045</td>\n",
       "      <td>0.058341</td>\n",
       "      <td>0.058165</td>\n",
       "      <td>0.061951</td>\n",
       "    </tr>\n",
       "    <tr>\n",
       "      <th>Chest_Q</th>\n",
       "      <td>0.006135</td>\n",
       "      <td>0.012423</td>\n",
       "      <td>0.024309</td>\n",
       "      <td>0.049427</td>\n",
       "      <td>0.074717</td>\n",
       "      <td>0.069433</td>\n",
       "      <td>0.063024</td>\n",
       "      <td>0.064417</td>\n",
       "      <td>0.058064</td>\n",
       "      <td>0.075523</td>\n",
       "      <td>0.063019</td>\n",
       "      <td>0.008939</td>\n",
       "      <td>0.016979</td>\n",
       "      <td>0.017751</td>\n",
       "      <td>0.009506</td>\n",
       "      <td>0.042045</td>\n",
       "      <td>0.000000</td>\n",
       "      <td>0.057911</td>\n",
       "      <td>0.058603</td>\n",
       "      <td>0.060140</td>\n",
       "    </tr>\n",
       "    <tr>\n",
       "      <th>Breast_R</th>\n",
       "      <td>0.053640</td>\n",
       "      <td>0.059007</td>\n",
       "      <td>0.069982</td>\n",
       "      <td>0.049501</td>\n",
       "      <td>0.050695</td>\n",
       "      <td>0.051166</td>\n",
       "      <td>0.053124</td>\n",
       "      <td>0.041410</td>\n",
       "      <td>0.025833</td>\n",
       "      <td>0.054200</td>\n",
       "      <td>0.029922</td>\n",
       "      <td>0.052860</td>\n",
       "      <td>0.063092</td>\n",
       "      <td>0.050547</td>\n",
       "      <td>0.052159</td>\n",
       "      <td>0.058341</td>\n",
       "      <td>0.057911</td>\n",
       "      <td>0.000000</td>\n",
       "      <td>0.002341</td>\n",
       "      <td>0.005456</td>\n",
       "    </tr>\n",
       "    <tr>\n",
       "      <th>Breast_S</th>\n",
       "      <td>0.054332</td>\n",
       "      <td>0.059699</td>\n",
       "      <td>0.070674</td>\n",
       "      <td>0.050718</td>\n",
       "      <td>0.051667</td>\n",
       "      <td>0.052043</td>\n",
       "      <td>0.054810</td>\n",
       "      <td>0.042091</td>\n",
       "      <td>0.026299</td>\n",
       "      <td>0.053887</td>\n",
       "      <td>0.030675</td>\n",
       "      <td>0.053551</td>\n",
       "      <td>0.063784</td>\n",
       "      <td>0.051024</td>\n",
       "      <td>0.052851</td>\n",
       "      <td>0.058165</td>\n",
       "      <td>0.058603</td>\n",
       "      <td>0.002341</td>\n",
       "      <td>0.000000</td>\n",
       "      <td>0.005591</td>\n",
       "    </tr>\n",
       "    <tr>\n",
       "      <th>Breast_T</th>\n",
       "      <td>0.055869</td>\n",
       "      <td>0.061236</td>\n",
       "      <td>0.072188</td>\n",
       "      <td>0.054377</td>\n",
       "      <td>0.046645</td>\n",
       "      <td>0.048177</td>\n",
       "      <td>0.058014</td>\n",
       "      <td>0.040597</td>\n",
       "      <td>0.024931</td>\n",
       "      <td>0.054252</td>\n",
       "      <td>0.031270</td>\n",
       "      <td>0.055065</td>\n",
       "      <td>0.065297</td>\n",
       "      <td>0.053970</td>\n",
       "      <td>0.054388</td>\n",
       "      <td>0.061951</td>\n",
       "      <td>0.060140</td>\n",
       "      <td>0.005456</td>\n",
       "      <td>0.005591</td>\n",
       "      <td>0.000000</td>\n",
       "    </tr>\n",
       "  </tbody>\n",
       "</table>\n",
       "</div>"
      ],
      "text/plain": [
       "               Chest_A   Chest_B   Chest_C  Abdomen_D    Lung_E    Lung_F  \\\n",
       "Chest_A       0.000000  0.009731  0.022096   0.045385  0.070446  0.064990   \n",
       "Chest_B       0.009731  0.000000  0.022827   0.047599  0.075813  0.070555   \n",
       "Chest_C       0.022096  0.022827  0.000000   0.060511  0.086733  0.080606   \n",
       "Abdomen_D     0.045385  0.047599  0.060511   0.000000  0.054675  0.050617   \n",
       "Lung_E        0.070446  0.075813  0.086733   0.054675  0.000000  0.036633   \n",
       "Lung_F        0.064990  0.070555  0.080606   0.050617  0.036633  0.000000   \n",
       "Lung_G        0.058711  0.061505  0.072355   0.040215  0.040694  0.030340   \n",
       "Lung_H        0.060145  0.065513  0.076487   0.045470  0.033459  0.012718   \n",
       "Lung_I        0.053792  0.059160  0.070133   0.040953  0.033397  0.033797   \n",
       "Lung_J        0.071481  0.073526  0.083593   0.043188  0.075864  0.053030   \n",
       "Lung_K        0.058748  0.064115  0.075090   0.042982  0.028413  0.043211   \n",
       "Lymph_node_L  0.006742  0.008446  0.017707   0.043992  0.069611  0.063409   \n",
       "Chest_M       0.014325  0.005226  0.020670   0.051977  0.079843  0.074739   \n",
       "Lung_N        0.015940  0.016906  0.026261   0.039661  0.068674  0.062937   \n",
       "Lung_O        0.004131  0.009228  0.019518   0.043859  0.068966  0.062484   \n",
       "Lung_P        0.039014  0.030642  0.036575   0.056361  0.076755  0.071813   \n",
       "Chest_Q       0.006135  0.012423  0.024309   0.049427  0.074717  0.069433   \n",
       "Breast_R      0.053640  0.059007  0.069982   0.049501  0.050695  0.051166   \n",
       "Breast_S      0.054332  0.059699  0.070674   0.050718  0.051667  0.052043   \n",
       "Breast_T      0.055869  0.061236  0.072188   0.054377  0.046645  0.048177   \n",
       "\n",
       "                Lung_G    Lung_H    Lung_I    Lung_J    Lung_K  Lymph_node_L  \\\n",
       "Chest_A       0.058711  0.060145  0.053792  0.071481  0.058748      0.006742   \n",
       "Chest_B       0.061505  0.065513  0.059160  0.073526  0.064115      0.008446   \n",
       "Chest_C       0.072355  0.076487  0.070133  0.083593  0.075090      0.017707   \n",
       "Abdomen_D     0.040215  0.045470  0.040953  0.043188  0.042982      0.043992   \n",
       "Lung_E        0.040694  0.033459  0.033397  0.075864  0.028413      0.069611   \n",
       "Lung_F        0.030340  0.012718  0.033797  0.053030  0.043211      0.063409   \n",
       "Lung_G        0.000000  0.027789  0.041082  0.045946  0.050147      0.056265   \n",
       "Lung_H        0.027789  0.000000  0.024288  0.049496  0.034052      0.059365   \n",
       "Lung_I        0.041082  0.024288  0.000000  0.057452  0.019491      0.053011   \n",
       "Lung_J        0.045946  0.049496  0.057452  0.000000  0.063754      0.068763   \n",
       "Lung_K        0.050147  0.034052  0.019491  0.063754  0.000000      0.057968   \n",
       "Lymph_node_L  0.056265  0.059365  0.053011  0.068763  0.057968      0.000000   \n",
       "Chest_M       0.066139  0.069597  0.063243  0.076336  0.068200      0.012786   \n",
       "Lung_N        0.053150  0.057748  0.051124  0.064524  0.056070      0.010968   \n",
       "Lung_O        0.056190  0.058665  0.052312  0.069049  0.057267      0.004089   \n",
       "Lung_P        0.060954  0.065339  0.058596  0.067192  0.063163      0.035118   \n",
       "Chest_Q       0.063024  0.064417  0.058064  0.075523  0.063019      0.008939   \n",
       "Breast_R      0.053124  0.041410  0.025833  0.054200  0.029922      0.052860   \n",
       "Breast_S      0.054810  0.042091  0.026299  0.053887  0.030675      0.053551   \n",
       "Breast_T      0.058014  0.040597  0.024931  0.054252  0.031270      0.055065   \n",
       "\n",
       "               Chest_M    Lung_N    Lung_O    Lung_P   Chest_Q  Breast_R  \\\n",
       "Chest_A       0.014325  0.015940  0.004131  0.039014  0.006135  0.053640   \n",
       "Chest_B       0.005226  0.016906  0.009228  0.030642  0.012423  0.059007   \n",
       "Chest_C       0.020670  0.026261  0.019518  0.036575  0.024309  0.069982   \n",
       "Abdomen_D     0.051977  0.039661  0.043859  0.056361  0.049427  0.049501   \n",
       "Lung_E        0.079843  0.068674  0.068966  0.076755  0.074717  0.050695   \n",
       "Lung_F        0.074739  0.062937  0.062484  0.071813  0.069433  0.051166   \n",
       "Lung_G        0.066139  0.053150  0.056190  0.060954  0.063024  0.053124   \n",
       "Lung_H        0.069597  0.057748  0.058665  0.065339  0.064417  0.041410   \n",
       "Lung_I        0.063243  0.051124  0.052312  0.058596  0.058064  0.025833   \n",
       "Lung_J        0.076336  0.064524  0.069049  0.067192  0.075523  0.054200   \n",
       "Lung_K        0.068200  0.056070  0.057267  0.063163  0.063019  0.029922   \n",
       "Lymph_node_L  0.012786  0.010968  0.004089  0.035118  0.008939  0.052860   \n",
       "Chest_M       0.000000  0.019801  0.014197  0.027022  0.016979  0.063092   \n",
       "Lung_N        0.019801  0.000000  0.014779  0.030806  0.017751  0.050547   \n",
       "Lung_O        0.014197  0.014779  0.000000  0.037995  0.009506  0.052159   \n",
       "Lung_P        0.027022  0.030806  0.037995  0.000000  0.042045  0.058341   \n",
       "Chest_Q       0.016979  0.017751  0.009506  0.042045  0.000000  0.057911   \n",
       "Breast_R      0.063092  0.050547  0.052159  0.058341  0.057911  0.000000   \n",
       "Breast_S      0.063784  0.051024  0.052851  0.058165  0.058603  0.002341   \n",
       "Breast_T      0.065297  0.053970  0.054388  0.061951  0.060140  0.005456   \n",
       "\n",
       "              Breast_S  Breast_T  \n",
       "Chest_A       0.054332  0.055869  \n",
       "Chest_B       0.059699  0.061236  \n",
       "Chest_C       0.070674  0.072188  \n",
       "Abdomen_D     0.050718  0.054377  \n",
       "Lung_E        0.051667  0.046645  \n",
       "Lung_F        0.052043  0.048177  \n",
       "Lung_G        0.054810  0.058014  \n",
       "Lung_H        0.042091  0.040597  \n",
       "Lung_I        0.026299  0.024931  \n",
       "Lung_J        0.053887  0.054252  \n",
       "Lung_K        0.030675  0.031270  \n",
       "Lymph_node_L  0.053551  0.055065  \n",
       "Chest_M       0.063784  0.065297  \n",
       "Lung_N        0.051024  0.053970  \n",
       "Lung_O        0.052851  0.054388  \n",
       "Lung_P        0.058165  0.061951  \n",
       "Chest_Q       0.058603  0.060140  \n",
       "Breast_R      0.002341  0.005456  \n",
       "Breast_S      0.000000  0.005591  \n",
       "Breast_T      0.005591  0.000000  "
      ]
     },
     "execution_count": 15,
     "metadata": {},
     "output_type": "execute_result"
    }
   ],
   "source": [
